1111111111111111111111111111111111111111111111111111111111111111111111111111111111111111111111111111111111111111111111111111111111111111111111111111111111111111
0000000000000000000000000000000000000000000000000000000000000000000000000000000000000000000000000000000000000000000000000000000000000000000000000000000000000000
0000000000000000000000000000000000000000000000000000000000000000000000000000000000000000000000000000000000000000000000000000000000000000000000000000000000000000
0000000000000000000000000000000000000000000000000000000000000000000000000000000000000000000000000000000000000000000000000000000000000000000000000000000000000000
0000000000000000000000000000000000000000000000000000000000000000000000000000000000000000000000000000000000000000000000000000000000000000000000000000000000000000
0000000000000000000000000000000000000000000000000000000000000000000000000000000000000000000000000000000000000000000000000000000000000000000000000000000000000000
0000000000000000000000000000000000000000000000000000000000000000000000000000000000000000000000000000000000000000000000000000000000000000000000000000000000000000
0000000000000000000000000000000000000000000000000000000000000000000000000000000000000000000000000000000000000000000000000000000000000000000000000000000000000000
0000000000000000000000000000000000000000000000000000000000000000000000000000000000000000000000000000000000000000000000000000000000000000000000000000000000000000
0000000000000000000000000000000000000000000000000000000000000000000000000000000000100110000000000000000000000000000000000000000000000000000000000000000000000000
0000000000000000000000000000000000000000000000000000000000000000000000000000001111111111111000000000000000000000000000000000000000000000000000000000000000000000
0000000000000000000000000000000000000000000000000000000000000000000000000001111111111111111110000000000000000000000000000000000000000000000000000000000000000000
0000000000000000000000000000000000000000000000000000000000000000000000000111111111111111111111100000000000000000000000000000000000000000000000000000000000000000
0000000000000000000000000000000000000000000000000000000000000000000000001111111111111111111111111000000000000000000000000000000000000000000000000000000000000000
0000000000000000000000000000000000000000000000000000000000000000000000111111111111111111111111111100000000000000000000000000000000000000000000000000000000000000
0000000000000000000000000000000000000000000000000000000000000000000001111111111110000001111111111110000000000000000000000000000000000000000000000000000000000000
0000000000000000000000000000000000000000000000000000000000000000000011111111100000000000000111111111000000000000000000000000000000000000000000000000000000000000
0000000000000000000000000000000000000000000000000000000000000000000111111110000000000000000001111111100000000000000000000000000000000000000000000000000000000000
0000000000000000000000000000000000000000000000000000000000000000001111111100000000000000000000111111110000000000000000000000000000000000000000000000000000000000
0000000000000000000000000000000000000000000000000000000000000000011111110000000000000000000000001111111000000000000000000000000000000000000000000000000000000000
0000000000000000000000000000000000000000000000000000000000000000011111100000000000000000000000000111111100000000000000000000000000000000000000000000000000000000
0000000000000000000000000000000000000000000000000000000000000000111111000000000000000000000000000011111110000000000000000000000000000000000000000000000000000000
0000000000000000000000000000000000000000000000000000000000000001111110000000000000011100000000000001111110000000000000000000000000000000000000000000000000000000
0000000000000000000000000000000000000000000000000000000000000001111100000000000001111111000000000000111111000000000000000000000000000000000000000000000000000000
0000000000000000000000000000000000000000000000000000000000000011111100000000000011111111100000000000011111000000000000000000000000000000000000000000000000000000
0000000000000000000000000000000000000000000000000000000000000111111000000000000111111111110000000000011111100000000000000000000000000000000000000000000000000000
0000000000000000000000000000000000000000000000000000000000000111110000000000001111111111111000000000001111110000000000000000000000000000000000000000000000000000
0000000000000000000000000000000000000000000000000000000000000111110000000000001111111111111000000000000111110000000000000000000000000000000000000000000000000000
0000000000000000000000000000000000000000000000000000000000001111100000000000011111111111111100000000000111110000000000000000000000000000000000000000000000000000
0000000000000000000000000000000000000000000000000000000000001111100000000000011111111111111100000000000011111000000000000000000000000000000000000000000000000000
0000000000000000000000000000000000000000000000000000000000011111000000000000011111111111111100000000000011111000000000000000000000000000000000000000000000000000
0000000000000000000000000000000000000000000000000000000000011111000000000000011111111111111100000000000001111000000000000000000000000000000000000000000000000000
0000000000000000000000000000000000000000000000000000000000011110000000000000011111111111111100000000000001111100000000000000000000000000000000000000000000000000
0000000000000000000000000000000000000000000000000000000000111110000000000000011111111111111100000000000001111100000000000000000000000000000000000000000000000000
0000000000000000000000000000000000000000000000000000000000111110000001111000011111111111111100001111000000111100000000000000000000000000000000000000000000000000
0000000000000000000000000000000000000000000000000000000000111100000111111110011111111111111100111111110000111110000000000000000000000000000000000000000000000000
0000000000000000000000000000000000000000000000000000000000111100001111111111011111111111111101111111111000111110000000000000000000000000000000000000000000000000
0000000000000000000000000000000000000000000000000000000001111100011111111111101111111111111111111111111100111110000000000000000000000000000000000000000000000000
0000000000000000000000000000000000000000000000000000000001111100011111111111101111111111111011111111111110011110000000000000000000000000000000000000000000000000
0000000000000000000000000000000000000000000000000000000001111000111111111111110111111111110111111111111110011110000000000000000000000000000000000000000000000000
0000000000000000000000000000000000000000000000000000000001111000111111111111110111111111110111111111111110011110000000000000000000000000000000000000000000000000
0000000000000000000000000000000000000000000000000000000001111001111111111111110011111111100111111111111111011111000000000000000000000000000000000000000000000000
0000000000000000000000000000000000000000000000000000000001111001111111111111111000111110001111111111111111011111000000000000000000000000000000000000000000000000
0000000000000000000000000000000000000000000000000000000001111001111111111111111000111110001111111111111111011111000000000000000000000000000000000000000000000000
0000000000000000000000000000000000000000000000000000000001111001111111111111111000111110001111111111111111011111000000000000000000000000000000000000000000000000
0000000000000000000000000000000000000000000000000000000001111001111111111111111000111110001111111111111111011111000000000000000000000000000000000000000000000000
0000000000000000000000000000000000000000000000000000000001111001111111111111111000111110001111111111111111011111000000000000000000000000000000000000000000000000
0000000000000000000000000000000000000000000000000000000001111001111111111111111000111110000111111111111111011111000000000000000000000000000000000000000000000000
0000000000000000000000000000000000000000000000000000000001111000111111111111111000111110001111111111111110011111000000000000000000000000000000000000000000000000
0000000000000000000000000000000000000000000000000000000001111000111111111111111100111110001111111111111110011111000000000000000000000000000000000000000000000000
0000000000000000000000000000000000000000000000000000000001111000111111111111111100111110011111111111111110011111000000000000000000000000000000000000000000000000
0000000000000000000000000000000000000000000000000000000001111000011111111111111110111110111111111111111100011110000000000000000000000000000000000000000000000000
0000000000000000000000000000000000000000000000000000000001111000001111111111111111111111111111111111111000011110000000000000000000000000000000000000000000000000
0000000000000000000000000000000000000000000000000000000001111100000111111111111111111111111111111111110000011110000000000000000000000000000000000000000000000000
0000000000000000000000000000000000000000000000000000000001111100000001111000111111111111111110001111000000111110000000000000000000000000000000000000000000000000
0000000000000000000000000000000000000000000000000000000000111100000000000000011111111111111100000000000000111110000000000000000000000000000000000000000000000000
0000000000000000000000000000000000000000000000000000000000111100000000000000001111111111111100000000000000111110000000000000000000000000000000000000000000000000
0000000000000000000000000000000000000000000000000000000000111110000000000000000111111111111000000000000000111100000000000000000000000000000000000000000000000000
0000000000000000000000000000000000000000000000000000000000111110000000000000000111111111110000000000000001111100000000000000000000000000000000000000000000000000
0000000000000000000000000000000000000000000000000000000000011110000000000000000011111111100000000000000001111100000000000000000000000000000000000000000000000000
0000000000000000000000000000000000000000000000000000000000011111000000000000000001111111000000000000000001111100000000000000000000000000000000000000000000000000
0000000000000000000000000000000000000000000000000000000000011111000000000000000000111111000000000000000011111000000000000000000000000000000000000000000000000000
0000000000000000000000000000000000000000000000000000000000001111100000000000000000111110000000000000000011111000000000000000000000000000000000000000000000000000
0000000000000000000000000000000000000000000000000000000000001111100000000000000000111110000000000000000111110000000000000000000000000000000000000000000000000000
0000000000000000000000000000000000000000000000000000000000001111110000000000000000111110000000000000000111110000000000000000000000000000000000000000000000000000
0000000000000000000000000000000000000000000000000000000000000111110000000000000000111110000000000000001111110000000000000000000000000000000000000000000000000000
0000000000000000000000000000000000000000000000000000000000000111111000000000000000111110000000000000011111100000000000000000000000000000000000000000000000000000
0000000000000000000000000000000000000000000000000000000000000011111100000000000000111110000000000000011111100000000000000000000000000000000000000000000000000000
0000000000000000000000000000000000000000000000000000000000000011111100000000000000111110000000000000111111000000000000000000000000000000000000000000000000000000
0000000000000000000000000000000000000000000000000000000000000001111110000000000000111110000000000001111110000000000000000000000000000000000000000000000000000000
0000000000000000000000000000000000000000000000000000000000000000111111000000000000111110000000000011111110000000000000000000000000000000000000000000000000000000
0000000000000000000000000000000000000000000000000000000000000000111111100000000000111110000000000111111100000000000000000000000000000000000000000000000000000000
0000000000000000000000000000000000000000000000000000000000000000011111110000000000111110000000001111111000000000000000000000000000000000000000000000000000000000
0000000000000000000000000000000000000000000000000000000000000000001111111100000000111110000000011111110000000000000000000000000000000000000000000000000000000000
0000000000000000000000000000000000000000000000000000000000000000000111111110000000000000000001111111110000000000000000000000000000000000000000000000000000000000
0000000000000000000000000000000000000000000000000000000000000000000011111111100000000000000111111111100000000000000000000000000000000000000000000000000000000000
0000000000000000000000000000000000000000000000000000000000000000000001111111111100000000111111111111000000000000000000000000000000000000000000000000000000000000
0000000000000000000000000000000000000000000000000000000000000000000000111111111111111111111111111100000000000000000000000000000000000000000000000000000000000000
0000000000000000000000000000000000000000000000000000000000000000000000011111111111111111111111111000000000000000000000000000000000000000000000000000000000000000
0000000000000000000000000000000000000000000000000000000000000000000000000111111111111111111111100000000000000000000000000000000000000000000000000000000000000000
0000000000000000000000000000000000000000000000000000000000000000000000000001111111111111111111000000000000000000000000000000000000000000000000000000000000000000
0000000000000000000000000000000000000000000000000000000000000000000000000000011111111111111000000000000000000000000000000000000000000000000000000000000000000000
0000000000000000000000000000000000000000000000000000000000000000000000000000000001111110000000000000000000000000000000000000000000000000000000000000000000000000
0000000000000000000000000000000000000000000000000000000000000000000000000000000000000000000000000000000000000000000000000000000000000000000000000000000000000000
0000000000000000000000000000000000000000000000000000000000000000000000000000000000000000000000000000000000000000000000000000000000000000000000000000000000000000
0000000000000000000000000000000000000000000000000000000000000000000000000000000000000000000000000000000000000000000000000000000000000000000000000000000000000000
0000000000000000000000000000000000000000000000000000000000000000000000000000000000000000000000000000000000000000000000000000000000000000000000000000000000000000
0000000000000000000000000000000000000000000000000000000000000000000000000000000000000000000000000000000000000000000000000000000000000000000000000000000000000000
0000000000000000000000000000000000000000000000000000000000000000000000000000000000000000000000000000000000000000000000000000000000000000000000000000000000000000
0000000000000000000000000000000000000000000000000000000000000000000000000000000000000000000000000000000000000000000000000000000000000000000000000000000000000000
0000000000000000000000000000000000000000000000000000000000000000000000000000000000000000000000000000000000000000000000000000000000000000000000000000000000000000
0000000000011111110000000011111111111111111110000000000001111111000000000000000001111111100000000000000111111100000000111111000000111111111000011111110000000000
0000000001111111111000000011111111111111111111000000000111111111100000000000000011111111100000000000011111111110000000111111000001111111111001111111111100000000
0000000011111111111100000011111111111111111111000000001111111111110000000000000011111111110000000000111111111111000000111111000111111111110011111111111110000000
0000000111111111111110000011111111111111111111100000011111111111111000000000000011111111111000000001111111111111110000111111001111111111100111111111111111000000
0000001111111111111111000011111111111111111111100000111111111111111110000000000011111111111000000011111111111111111000111111011111111111001111111111111111100000
0000011111111111111111110011111111111111111111110001111111111111111111000000000011111111111000000111111111111111111100111111111111111110011111111111111111110000
0000011111111111111111111011111111111111111111110001111111111111111111100000000011111111111100000111111111111111111110111111111111111100011111111111111111111000
0000111111111001111111111011111111001000111111110011111111100111111111101111111111111111111000001111111110011111111110111111111111110000111111111001111111111000
0000111111100000111111111011111100000000011111110011111110000011111111101111111111100000000000001111111000001111111110111111111111100000111111100000011111111000
0001111111000000001111111011111100000000001111110111111100000000111111100011111111110000000000001111110000000011111110111111111111000000111111000000001111111000
0001111111000000000111111011111100000000001111110111111100000000011111100001111111111000000000011111110000000001111110111111111110000001111111000000000111111000
0001111110000000000111111011111100000000001111110111111000000000011111100000111111111100000000011111100000000001111110111111111100000001111110000000000111111000
0001111110000000000111111011111100000000001111110111111000000000011111100000011111111111000000011111100000000001111110111111111000000001111110000000000111111000
0001111110000000000111111011111110000000000000000111111000000000011111100000001111111111100000011111100000000001111110111111110000000001111110000000000111111000
0001111110000000000111111011111111000000000000000111111000000000011111101111110111111111110000011111100000000001111110111111111000000001111110000000000111111000
0001111110000000000111110001111111110000000000000111111000000000011111001111110011111111111000011111100000000001111100011111111100000001111111000000000111110000
0001111111000000000111111011111111111000000000000111111100000000011111101111110000111111111100011111110000000001111110111111111111000001111111000000000111111000
0000111111000000000111111011111111111100000000000111111100000000011111101111110000011111111110001111110000000001111110111111111111100000111111100000000111111000
0000111111100000000111111011111111111110000000000011111110000000011111101111111000001111111111001111111000000001111110111111111111110000111111110000000111111000
0000111111111001100111111011111111111111000000000011111111111110011111101111111111111111111111001111111111111101111110111111111111111000111111111111110111111000
0000011111111111110111111011111111111111100000000001111111111111011111101111111111111111111111000111111111111101111110111111111111111100011111111111110111111000
0000011111111111110111111011111111111111111000000001111111111111011111100111111111111111111111000111111111111111111110111111011111111110001111111111111111111000
0000001111111111111111111011111101111111111100000000111111111111111111100111111111111111111111000011111111111111111110111111001111111111001111111111111111111000
0000000111111111111111111000000000111111111110000000011111111111111111100111111111111111111111000001111111111111111110000000000111111111110111111111111111111000
0000000011111111111111111000000000011111111111000000001111111111111111100011111111111111111111000000111111111111111110000000000011111111110011111111111111111000
0000000000111111111111111000000000000111111111100000000011111111111111100001111111111111111111000000001111111111111110000000000001111111111000111111111111111000
0000000000001111000011111000000000000011111111100000000000111100001111100000111111111111111111000000000011110000111110000000000000011111110000001111000011111000
0000000000000000000000000000000000000000000000000000000000000000000000000000000000000000000000000000000000000000000000000000000000000000000000000000000000000000
0000000000000000000000000000000000000000000000000000000000000000000000000000000000000000000000000000000000000000000000000000000000000000000000000000000000000000
0000000000000000000000000000000000000000000000000000000000000000000000000000000000000000000000000000000000000000000000000000000000000000000000000000000000000000
0000000000000000000000000000000000000000000000000000000000000000000000000000000000000000000000000000000000000000000000000000000000000000000000000000000000000000
0000000000000000000000000000000000000000000000000000000000000000000000000000000000000000000000000000000000000000000000000000000000000000000000000000000000000000
0000000000000000000000000000000000000000000000000000000000000000000000000000000000000000000000000000000000000000000000000000000000000000000000000000000000000000
0000000000000000000000000000000000000000000000000000000000000000000000000000000000000000000000000000000000000000000000000000000000000000000000000000000000000000
0000000000000000000000000000000000000000000000000000000000000000000000000000000000000000000000000000000000000000000000000000000000000000000000000000000000000000
0000000000000000000000000000000000000000000000000000000000000000000000000000000000000000000000000000000000000000000000000000000000000000000000000000000000000000
0000000000000000000000000000000000000000000000000000000000000000000000000000000000000000000000000000000000000000000000000000000000000000000000000000000000000000
